             ny    n     R2  med_err%  wk_better
back                                            
0     Mon 09:00  132  0.924     0.207      1.000
1     Mon 08:00  132  0.915     0.247      0.917
2     Mon 07:00  132  0.885     0.317      0.833
3     Mon 06:00  132  0.831     0.338      0.833
4     Mon 05:00  132  0.734     0.362      0.833
5     Mon 04:00  132  0.643     0.429      0.833
6     Mon 03:00  132  0.704     0.370      0.833
7     Mon 02:00  132  0.667     0.440      0.750
8     Mon 01:00  132  0.629     0.473      0.750
9     Mon 00:00  132  0.631     0.450      0.833
10    Sun 23:00  132  0.681     0.448      0.833
11    Sun 22:00  132  0.640     0.505      0.750
12    Sun 21:00  132  0.547     0.552      0.833
13    Sun 20:00  132  0.519     0.532      0.750
14    Sun 19:00  132 -0.091     0.868      0.500
15    Sun 18:00  132 -0.156     0.913      0.333
16    Sun 17:00  132 -0.135     0.940      0.417
17    Sun 16:00  132 -0.149     0.956      0.417
18    Sun 15:00  132 -0.137     0.909      0.417
19    Sun 14:00  132 -0.138     0.918      0.417
20    Sun 13:00  132 -0.167     0.883      0.417
21    Sun 12:00  132 -0.171     0.909      0.500
22    Sun 11:00  132 -0.175     0.949      0.417
23    Sun 10:00  132 -0.133     0.957      0.333
24    Sun 09:00  132 -0.170     0.957      0.333
25    Sun 08:00  132 -0.131     0.913      0.333
26    Sun 07:00  132 -0.124     0.832      0.333
27    Sun 06:00  132 -0.143     0.835      0.417
28    Sun 05:00  132 -0.130     0.803      0.417
29    Sun 04:00  132 -0.127     0.885      0.333
30    Sun 03:00  132 -0.092     0.839      0.417
31    Sun 02:00  132 -0.108     0.839      0.417
32    Sun 01:00  132 -0.099     0.875      0.333
33    Sun 00:00  132 -0.089     0.852      0.417
34    Sat 23:00  132 -0.130     0.866      0.500
35    Sat 22:00  132 -0.147     0.866      0.333
36    Sat 21:00  132 -0.155     0.798      0.333
37    Sat 20:00  132 -0.180     0.798      0.333
38    Sat 19:00  132 -0.082     0.790      0.333
39    Sat 18:00  132 -0.215     0.835      0.417
40    Sat 17:00  132 -0.240     0.797      0.417
41    Sat 16:00  132 -0.198     0.781      0.417
42    Sat 15:00  132 -0.110     0.797      0.417
43    Sat 14:00  132 -0.088     0.799      0.417
44    Sat 13:00  132 -0.179     0.876      0.500
45    Sat 12:00  132 -0.156     0.887      0.417
46    Sat 11:00  132 -0.161     0.893      0.417
47    Sat 10:00  132 -0.180     0.892      0.500
48    Sat 09:00  132 -0.173     0.874      0.333
49    Sat 08:00  132 -0.110     0.871      0.417
50    Sat 07:00  132 -0.097     0.817      0.333
51    Sat 06:00  132 -0.096     0.822      0.417
52    Sat 05:00  132 -0.115     0.787      0.417
53    Sat 04:00  132 -0.114     0.788      0.333
54    Sat 03:00  132 -0.273     0.782      0.417
55    Sat 02:00  132 -0.238     0.776      0.417
56    Sat 01:00  132 -0.251     0.834      0.333
57    Sat 00:00  132 -0.071     0.857      0.417
58    Fri 23:00  132 -0.074     0.846      0.333
59    Fri 22:00  132 -0.057     0.788      0.417
60    Fri 21:00  132 -0.030     0.750      0.583
61    Fri 20:00  132 -0.013     0.752      0.417
62    Fri 19:00  132 -0.032     0.740      0.417
63    Fri 18:00  132  0.015     0.740      0.500
64    Fri 17:00  132 -0.005     0.800      0.500
65    Fri 16:00  132 -0.011     0.842      0.500
